23.5
22.5
22.5
23.0
23.5
24.5
23.0
22.0
22.0
22.0

23.5
23.0
23.0
24.0
26.0
27.0
24.5
22.5
22.5
22.0

24.0
23.0
23.5
25.5
28.0
28.5
25.0
23.0
22.5
22.0

24.5
24.0
24.5
27.5
30.5
29.5
26.0
23.5
22.5
22.0

24.5
24.5
25.5
29.0
32.0
31.0
26.5
23.5
22.5
22.0

25.0
25.0
26.5
30.0
33.5
32.5
27.5
24.0
23.0
22.5

25.5
25.5
27.5
31.0
34.5
33.5
28.0
24.5
23.0
22.5

26.0
26.5
28.0
32.0
36.0
34.5
29.0
25.0
23.0
22.5

26.5
27.0
29.0
33.0
37.0
35.5
30.0
25.5
23.5
22.5

27.0
27.5
30.0
34.0
38.0
36.5
30.5
26.0
23.5
22.5

27.5
28.0
30.5
34.5
38.5
37.5
31.5
26.5
24.0
22.5

28.0
29.0
31.0
35.5
39.5
38.5
32.5
27.0
24.0
23.0

28.5
29.5
31.5
36.0
40.5
39.5
33.0
27.5
24.5
23.0

29.0
30.0
32.5
36.5
41.5
40.5
34.0
28.0
24.5
23.0

29.5
30.0
33.0
37.0
42.0
41.5
35.0
28.5
25.0
23.5

30.0
30.5
33.0
37.5
42.5
42.0
35.5
29.0
25.5
23.5

30.0
31.0
33.5
38.0
43.5
43.0
36.5
29.5
25.5
23.5

30.5
31.5
34.0
39.0
44.5
44.5
37.0
30.5
26.0
24.0

31.0
32.0
35.0
40.0
46.0
46.0
38.0
30.5
26.0
24.0

31.5
32.5
35.5
41.0
47.0
47.5
39.0
31.5
26.5
24.5

32.0
33.0
36.0
42.0
48.0
49.0
40.0
32.0
27.0
24.5

32.5
33.5
36.5
42.5
49.0
50.0
41.5
32.5
27.0
25.0

32.5
34.0
37.5
43.0
50.0
51.0
42.5
33.5
27.5
25.0

33.0
34.5
38.0
44.0
51.0
52.0
43.0
34.0
28.0
25.5

33.5
35.0
38.5
44.5
52.5
53.5
44.0
34.5
28.5
25.5

34.0
35.5
39.0
45.5
53.5
55.0
45.0
35.0
29.0
26.0

34.0
36.0
39.5
47.0
55.5
57.5
46.5
36.0
29.5
26.0

34.5
36.5
40.5
48.0
57.0
59.5
47.5
36.5
29.5
26.5

35.0
37.0
41.0
49.0
58.0
60.0
49.0
37.0
30.0
26.5

35.5
37.5
41.5
49.5
58.5
60.5
50.0
38.0
30.5
27.0

36.0
38.0
42.5
50.0
58.5
60.5
50.5
39.0
31.0
27.5

36.5
38.5
43.0
50.0
58.5
60.5
51.5
39.5
31.5
27.5

37.0
39.0
43.0
50.5
58.0
61.0
52.0
40.5
32.0
28.0

37.0
39.0
43.5
50.5
59.0
63.0
53.5
41.0
32.5
28.5

37.5
39.5
44.0
51.5
60.5
65.0
54.5
41.5
33.0
29.0

38.0
40.0
44.5
52.0
61.5
65.5
55.0
42.0
33.5
29.0

38.5
40.5
45.0
52.5
61.5
65.0
55.5
43.0
34.0
29.5

39.0
41.0
45.0
52.5
61.0
64.5
56.0
43.5
34.5
30.0

39.0
41.0
45.5
53.0
61.0
64.0
56.0
44.0
35.0
30.0

39.5
41.5
46.0
53.0
61.0
63.5
56.0
44.5
35.5
30.5

40.0
42.0
46.5
53.0
60.5
63.0
56.0
44.5
36.0
31.0

40.5
42.5
46.5
53.5
60.5
63.5
56.0
45.0
36.0
31.5

41.0
43.0
47.0
53.5
60.5
63.5
56.5
45.0
36.5
31.5

41.0
43.0
47.0
53.5
60.5
63.5
57.0
45.5
37.0
32.0

41.5
43.5
47.5
53.5
60.5
63.5
57.0
46.0
37.0
32.5

42.0
44.0
47.5
53.5
60.5
63.0
57.0
46.5
37.5
32.5

42.5
44.0
48.0
54.0
60.5
63.0
56.5
46.5
38.0
33.0

42.5
44.5
48.5
54.0
61.0
63.5
56.5
46.5
38.0
33.5

43.0
45.0
48.5
54.5
61.5
64.0
57.0
46.5
38.5
33.5

43.5
45.0
49.0
55.0
61.5
64.0
57.0
46.5
38.5
34.0

43.5
45.5
49.5
55.5
62.0
64.5
57.0
47.0
39.0
34.0

44.0
46.0
49.5
56.0
62.5
65.0
57.0
47.0
39.0
34.5

44.5
46.0
50.0
56.0
63.0
65.0
57.5
47.0
39.5
35.0

45.0
46.5
50.5
56.5
63.0
64.5
57.5
47.5
39.5
35.0

45.0
47.0
50.5
56.5
62.5
64.0
57.5
47.5
39.5
35.5

45.5
47.0
51.0
56.5
63.0
64.5
57.5
47.5
40.0
35.5

46.0
47.5
51.0
57.0
63.5
65.0
57.5
48.0
40.0
36.0

46.0
48.0
51.5
57.5
63.5
65.0
57.5
48.0
40.5
36.0

46.5
48.5
52.0
58.0
64.0
65.5
57.5
48.0
40.5
36.5

47.0
48.5
52.0
58.0
64.0
65.5
58.0
48.0
41.0
36.5

47.0
49.0
52.5
58.0
64.0
65.5
58.5
48.5
41.0
37.0

47.5
49.0
52.5
58.0
64.0
65.5
59.0
49.0
41.5
37.0

47.5
49.5
52.5
58.0
63.5
65.5
59.5
49.5
41.5
37.5

48.0
49.5
53.0
58.0
63.5
66.0
60.0
49.5
42.0
37.5

48.0
49.5
53.0
58.0
64.0
66.5
60.5
50.0
42.0
38.0

48.5
50.0
53.0
58.0
64.0
67.5
61.0
50.5
42.5
38.0

48.5
50.0
53.0
58.5
65.0
69.0
61.5
51.0
42.5
38.5

48.5
50.0
53.5
59.0
65.5
68.5
61.5
51.0
43.0
38.5

49.0
50.5
53.5
59.0
65.5
68.0
61.5
51.0
43.0
39.0

49.0
50.5
53.5
59.0
65.5
67.0
61.0
51.5
43.5
39.0

49.5
51.0
54.0
59.5
65.0
67.0
61.5
51.5
43.5
39.5

49.5
51.0
54.0
59.5
65.0
67.0
61.5
52.0
44.0
39.5

50.0
51.0
54.0
59.5
65.0
67.0
62.0
52.0
44.0
40.0

50.0
51.5
54.5
59.5
65.0
67.5
62.5
52.5
44.5
40.0

50.0
51.5
54.5
59.5
65.0
68.0
63.0
53.0
44.5
40.5

50.5
51.5
54.5
59.5
65.0
68.5
63.5
53.5
45.0
40.5

50.5
52.0
54.5
59.5
65.5
68.5
64.0
53.5
45.5
41.0

51.0
52.0
55.0
60.0
65.5
68.5
64.0
54.0
45.5
41.0

51.0
52.0
55.0
60.0
65.5
69.0
64.5
54.0
46.0
41.5

51.0
52.5
55.0
60.0
66.0
70.0
65.0
54.5
46.0
41.5

51.5
52.5
55.0
60.0
66.0
71.0
66.5
55.0
46.5
42.0

51.5
52.5
55.5
60.5
66.5
72.0
67.0
55.5
46.5
42.0

51.5
52.5
55.5
60.5
67.0
72.5
68.0
56.5
47.0
42.5

51.5
53.0
55.5
61.0
67.5
73.0
68.5
57.0
47.5
42.5

52.0
53.0
56.0
61.0
68.0
73.5
69.0
57.5
48.0
43.0

52.0
53.0
56.0
61.5
68.0
73.5
69.0
58.0
48.5
43.0

52.0
53.5
56.0
61.5
68.5
73.5
69.0
58.0
48.5
43.5

52.5
53.5
56.5
62.0
68.5
73.5
69.0
58.5
49.0
44.0

52.5
53.5
56.5
62.0
69.0
74.0
69.5
58.5
49.0
44.0

52.5
54.0
57.0
62.5
69.0
74.0
69.5
59.0
49.5
44.5

53.0
54.0
57.0
62.5
69.5
74.0
69.5
59.0
50.0
45.0

53.0
54.5
57.5
63.0
69.5
74.0
70.0
59.5
50.0
45.0

53.0
54.5
57.5
63.0
69.5
73.5
69.5
59.5
50.5
45.0

53.5
55.0
57.5
63.0
69.5
73.5
70.0
60.0
50.5
45.5

53.5
55.0
58.0
63.0
69.5
73.5
70.0
60.0
51.0
46.0

53.5
55.0
58.0
63.5
69.5
73.5
70.0
60.0
51.0
46.0

54.0
55.0
58.0
63.5
69.5
73.5
69.5
60.5
51.5
46.5

54.0
55.5
58.5
63.5
69.5
73.5
69.5
60.5
51.5
46.5

54.5
55.5
58.5
63.5
70.0
74.0
70.0
60.5
52.0
47.0

54.5
55.5
58.5
64.0
70.5
74.5
70.5
61.0
52.0
47.0

54.5
56.0
59.0
64.0
70.5
75.0
71.0
61.5
52.0
47.5

55.0
56.0
59.0
64.0
70.5
75.0
71.5
62.0
52.5
47.5

55.0
56.0
59.0
64.5
71.0
75.0
72.0
62.5
53.0
48.0

55.0
56.5
59.5
64.5
71.0
74.5
71.5
62.5
53.5
48.0

55.5
56.5
59.5
65.0
71.0
74.5
71.5
63.0
53.5
48.5

55.5
57.0
60.0
65.0
71.0
74.5
71.5
63.0
54.0
48.5

56.0
57.0
60.0
65.0
71.0
74.5
71.5
63.5
54.0
49.0

56.0
57.5
60.0
65.0
71.0
74.0
72.0
63.5
54.5
49.0

56.0
57.5
60.5
65.5
71.0
74.0
72.0
64.0
55.0
49.5

56.5
57.5
60.5
65.5
71.0
74.0
72.0
64.5
55.5
50.0

56.5
58.0
60.5
65.5
71.0
74.0
72.5
64.5
55.5
50.0

56.5
58.0
60.5
65.5
71.0
74.5
72.5
65.0
56.0
50.5

56.5
58.0
60.5
65.5
71.0
74.5
73.0
65.5
56.0
50.5

57.0
58.0
60.5
65.5
71.0
74.5
73.0
65.5
56.5
51.0

57.0
58.5
61.0
65.5
71.0
75.0
73.5
66.0
57.0
51.5

57.0
58.5
61.0
66.0
71.5
75.5
74.0
66.5
57.0
51.5

57.5
58.5
61.5
66.0
72.0
76.0
75.0
67.0
57.5
52.0

57.5
59.0
61.5
66.5
72.5
77.0
75.5
67.0
58.0
52.5

58.0
59.0
61.5
67.0
73.0
77.5
76.0
67.5
58.0
52.5

58.0
59.0
62.0
67.0
73.5
78.5
77.0
68.0
58.5
53.0

58.0
59.5
62.0
67.5
73.5
79.0
78.0
68.5
58.5
53.0

58.5
59.5
62.5
67.5
74.0
79.5
78.5
69.5
59.0
53.5

58.5
59.5
62.5
68.0
74.5
79.5
78.5
69.5
59.5
53.5

58.5
60.0
63.0
68.5
74.5
80.0
79.0
70.0
59.5
54.0

59.0
60.0
63.0
68.5
75.0
80.0
78.5
70.0
60.0
54.5

59.0
60.5
63.5
69.0
75.5
80.5
78.5
70.0
60.0
54.5

59.0
60.5
63.5
69.0
75.5
80.5
78.5
70.0
60.5
55.0

59.5
61.0
64.0
69.5
76.0
80.5
79.0
70.0
60.5
55.0

59.5
61.0
64.0
69.5
76.0
81.0
79.0
70.5
61.0
55.0

59.5
61.0
64.0
69.5
76.0
81.0
79.5
70.5
61.0
55.5

60.0
61.5
64.5
70.0
76.5
81.5
79.5
71.0
61.0
55.5

60.0
61.5
64.5
70.0
76.5
81.5
80.0
71.0
61.5
56.0

60.0
61.5
64.5
70.0
76.5
81.5
80.0
71.5
61.5
56.0

60.0
61.5
64.5
70.5
77.0
82.0
80.5
71.5
62.0
56.5

60.5
62.0
65.0
70.5
77.0
82.5
81.0
72.0
62.0
56.5

60.5
62.0
65.0
70.5
77.0
82.5
81.0
72.0
62.5
57.0

61.0
62.0
65.0
71.0
77.5
82.5
81.0
72.5
62.5
57.0

61.0
62.5
65.5
71.0
77.5
83.0
81.5
72.5
63.0
57.5

61.0
62.5
65.5
71.0
77.5
83.0
81.5
73.0
63.0
57.5

61.0
62.5
65.5
71.0
78.0
83.0
82.0
73.0
63.5
58.0

61.0
62.5
65.5
71.5
78.0
83.5
82.5
73.5
63.5
58.0

61.5
63.0
66.0
71.5
78.5
84.0
83.0
74.0
64.0
58.0

61.5
63.0
66.0
71.5
78.5
84.5
83.5
74.5
64.0
58.5

62.0
63.0
66.0
72.0
79.0
84.5
84.0
75.0
64.5
58.5

62.0
63.5
66.5
72.0
79.0
85.0
84.5
75.5
65.0
59.0

62.0
63.5
66.5
72.5
79.5
85.5
85.0
75.5
65.0
59.0

62.5
64.0
67.0
72.5
79.5
85.5
85.5
76.0
65.5
59.5

62.5
64.0
67.0
73.0
80.0
86.0
85.5
76.5
66.0
59.5

62.5
64.0
67.0
73.0
80.0
86.0
85.5
76.5
66.0
60.0

63.0
64.5
67.5
73.5
80.5
86.5
86.0
76.5
66.5
60.5

63.0
64.5
67.5
73.5
80.5
87.0
86.5
77.0
66.5
60.5

63.5
65.0
68.0
74.0
81.0
87.5
86.5
77.5
66.5
60.5

63.5
65.0
68.0
74.0
81.0
87.5
87.0
77.5
67.0
61.0

63.5
65.0
68.5
74.5
81.5
88.5
87.5
77.5
67.0
61.0

64.0
65.5
68.5
74.5
82.0
88.5
87.5
77.5
67.5
61.5

64.0
65.5
68.5
75.0
82.0
88.0
87.0
78.0
67.5
61.5

64.5
66.0
69.0
75.0
82.0
88.0
87.0
78.0
67.5
62.0

64.5
66.0
69.0
75.0
82.0
88.0
87.0
78.0
68.0
62.0

64.5
66.0
69.5
75.5
82.0
88.0
87.5
78.5
68.0
62.0

64.5
66.0
69.5
75.5
82.5
88.5
88.0
78.5
68.5
62.5

64.5
66.0
69.5
75.5
82.5
88.5
88.5
79.0
68.5
62.5

65.0
66.5
69.5
75.5
82.5
89.0
88.5
79.5
68.5
63.0

65.0
66.5
69.5
75.5
82.5
89.0
89.0
79.5
69.0
63.0

65.0
66.5
69.5
75.5
83.0
90.0
89.0
79.5
69.0
63.0

65.0
67.0
69.5
75.5
83.5
91.0
89.5
80.0
69.5
63.5

65.5
67.0
70.0
76.0
84.0
91.5
90.0
80.0
69.5
63.5

65.5
67.0
70.0
76.5
85.0
92.5
90.0
80.0
69.5
64.0

65.5
67.0
70.5
77.0
85.5
93.5
90.5
80.0
69.5
64.0

65.5
67.5
71.0
77.5
86.0
94.5
91.0
80.0
69.5
64.0

66.0
67.5
71.0
78.0
87.5
96.5
92.0
80.0
69.5
64.0

66.0
68.0
71.5
78.5
88.0
96.5
92.0
80.0
70.0
64.0

66.5
68.0
72.0
79.0
88.5
97.0
92.0
80.0
70.0
64.5

66.5
68.5
72.0
79.5
89.5
97.5
92.5
80.0
70.0
64.5

67.0
69.0
72.5
80.0
89.5
97.5
92.5
80.5
70.0
64.5

67.0
69.0
73.0
80.5
90.0
97.0
92.5
80.5
70.5
64.5

67.5
69.5
73.5
81.0
90.0
96.5
92.5
80.5
70.5
65.0

68.0
69.5
73.5
81.0
90.0
96.0
92.0
80.5
70.5
65.0

68.0
70.0
74.0
81.0
90.0
96.5
92.5
81.0
70.5
65.0

68.0
70.0
74.0
81.5
90.0
96.5
93.0
81.0
71.0
65.0

68.5
70.5
74.5
81.5
90.0
96.5
93.0
81.5
71.0
65.5

68.5
70.5
74.5
81.5
90.0
97.0
93.5
81.5
71.0
65.5

68.5
70.5
74.5
82.0
90.5
98.0
94.0
82.0
71.5
66.0

68.5
70.5
74.5
82.0
91.0
98.0
94.5
82.5
71.5
66.0

68.5
70.5
74.5
82.0
91.5
99.5
95.0
83.0
72.0
66.0

69.0
71.0
75.0
82.5
92.0
100.0
96.0
83.5
72.0
66.5

69.0
71.0
75.0
82.5
92.0
100.0
96.5
84.0
72.5
66.5

69.0
71.5
75.5
83.0
92.0
100.0
96.5
84.0
73.0
67.0

69.5
71.5
75.5
83.0
92.0
99.5
96.5
84.5
73.0
67.0

70.0
72.0
76.0
83.5
92.0
99.0
96.0
84.5
73.5
67.0

70.0
72.0
76.0
83.5
92.0
99.0
96.0
84.5
73.5
67.5

70.0
72.5
76.5
83.5
92.0
99.0
96.0
84.5
73.5
67.5

70.5
72.5
76.5
84.0
92.5
99.5
95.5
84.5
74.0
68.0

70.5
72.5
77.0
84.0
93.0
99.5
95.5
84.5
74.0
68.0

71.0
73.0
77.0
84.5
93.5
99.5
95.5
84.5
74.0
68.5

71.0
73.5
77.5
84.5
93.5
100.0
96.0
84.5
74.0
68.5

