23.0
22.0
22.0
22.5
22.5
21.5
21.5
21.0
21.0
21.0

23.0
22.0
22.5
23.0
23.5
22.5
21.5
21.0
21.0
21.0

23.0
22.5
22.5
23.5
24.5
24.0
22.0
21.0
21.0
21.0

23.5
22.5
23.0
24.0
25.5
25.5
23.0
21.5
21.0
21.0

23.5
23.0
23.5
24.5
27.0
27.5
24.0
22.0
21.0
21.0

23.5
23.0
23.5
25.5
28.0
29.0
25.5
22.5
21.5
21.0

24.0
23.0
24.0
26.0
29.0
30.5
26.5
23.0
21.5
21.0

24.0
23.5
24.5
26.5
30.0
32.0
28.0
23.5
21.5
21.0

24.0
23.5
25.0
27.5
31.5
33.0
29.0
24.5
22.0
21.0

24.5
24.0
25.0
28.0
32.5
34.5
29.5
25.0
22.5
21.5

24.5
24.5
26.0
29.0
34.5
36.0
30.5
25.5
22.5
21.5

25.0
24.5
26.5
30.5
36.0
37.0
31.5
26.0
23.0
21.5

25.0
25.0
27.0
31.5
37.5
38.0
32.0
26.5
23.5
22.0

25.5
25.5
28.0
33.0
39.5
39.0
32.5
27.0
23.5
22.0

26.0
26.5
29.0
34.5
41.0
40.0
33.0
27.5
24.0
22.0

26.5
27.0
30.0
36.0
43.0
40.5
33.0
28.0
24.0
22.5

26.5
27.5
30.5
37.0
43.5
41.0
33.5
28.0
24.5
22.5

27.0
28.0
31.5
37.5
44.0
41.0
34.0
28.5
24.5
23.0

27.5
28.5
32.0
38.0
44.0
41.5
34.0
28.5
25.0
23.0

28.0
29.0
32.5
38.0
44.5
42.5
34.5
29.0
25.0
23.0

28.0
29.5
33.0
38.5
45.0
43.0
35.0
29.5
25.5
23.5

28.5
29.5
33.0
39.0
45.0
43.0
35.5
29.5
25.5
23.5

29.0
30.0
33.5
39.0
45.0
43.0
36.0
30.0
26.0
23.5

29.0
30.5
33.5
39.0
45.0
43.0
36.0
30.5
26.0
24.0

29.5
30.5
34.0
39.5
45.0
43.0
36.5
30.5
26.5
24.0

29.5
31.0
34.0
39.5
45.0
43.5
36.5
31.0
26.5
24.5

30.0
31.0
34.5
39.5
45.0
43.5
37.0
31.0
27.0
24.5

30.5
31.5
34.5
39.5
45.0
43.5
37.5
31.5
27.0
24.5

30.5
32.0
35.0
40.0
45.0
43.5
37.5
31.5
27.5
25.0

31.0
32.0
35.0
40.0
45.5
43.5
37.5
32.0
27.5
25.0

31.0
32.5
35.5
40.5
45.5
43.5
37.5
32.0
28.0
25.5

31.5
32.5
36.0
41.0
46.0
43.5
37.5
32.0
28.0
25.5

32.0
33.0
36.0
41.5
46.5
43.5
37.5
32.5
28.0
25.5

32.0
33.0
36.5
42.0
47.0
43.5
37.5
32.5
28.5
26.0

32.5
33.5
37.0
42.0
47.5
44.5
38.0
32.5
28.5
26.0

32.5
33.5
37.0
42.5
48.0
46.5
39.0
33.0
28.5
26.0

33.0
34.0
37.5
43.0
49.0
49.0
40.5
33.5
29.0
26.5

33.0
34.0
37.5
43.0
49.5
50.0
41.5
34.0
29.0
26.5

33.5
34.5
38.0
43.5
50.0
51.5
42.5
34.5
29.5
27.0

33.5
34.5
38.0
43.5
50.5
52.0
43.5
35.0
30.0
27.0

34.0
35.0
38.5
44.0
51.0
52.5
44.0
35.5
30.0
27.0

34.0
35.0
38.5
44.0
51.0
52.5
44.0
36.0
30.5
27.5

34.5
35.5
39.0
44.5
51.5
52.5
44.5
36.5
30.5
27.5

34.5
35.5
39.0
44.5
52.0
53.0
44.5
36.5
31.0
28.0

35.0
36.0
39.0
45.0
52.5
53.5
45.0
37.0
31.5
28.0

35.0
36.0
39.5
45.5
53.0
54.5
45.5
37.5
31.5
28.5

35.5
36.5
40.0
45.5
53.0
55.0
46.0
37.5
32.0
28.5

35.5
36.5
40.0
46.0
53.5
55.5
46.5
38.0
32.0
29.0

35.5
37.0
40.5
46.0
53.5
55.5
47.0
38.5
32.5
29.0

36.0
37.0
40.5
46.5
54.0
55.5
47.0
38.5
32.5
29.5

36.0
37.5
41.0
46.5
54.0
56.0
47.0
39.0
33.0
29.5

36.5
37.5
41.0
47.0
54.5
56.0
47.0
39.0
33.0
30.0

36.5
38.0
41.5
47.0
54.5
56.0
47.5
39.5
33.5
30.0

37.0
38.0
41.5
47.5
55.0
56.5
47.5
39.5
33.5
30.5

37.0
38.5
42.0
48.0
55.5
56.5
47.5
40.0
34.0
30.5

37.5
38.5
42.0
48.0
55.5
56.5
48.0
40.0
34.0
31.0

37.5
39.0
42.5
48.5
56.0
56.5
48.0
40.0
34.5
31.0

38.0
39.0
42.5
48.5
56.0
56.5
48.0
40.5
34.5
31.0

38.0
39.5
43.0
48.5
55.5
56.0
48.5
40.5
35.0
31.5

38.5
39.5
43.0
49.0
55.5
56.0
48.5
41.0
35.0
31.5

38.5
40.0
43.5
49.0
55.5
56.0
48.5
41.0
35.0
32.0

38.5
40.0
43.5
49.0
55.5
56.5
49.0
41.5
35.5
32.0

39.0
40.0
43.5
49.0
55.5
57.0
49.5
41.5
35.5
32.5

39.0
40.5
43.5
49.0
55.5
57.0
50.0
42.0
36.0
32.5

39.5
40.5
44.0
49.5
56.0
57.5
50.5
42.5
36.0
32.5

39.5
41.0
44.0
50.0
56.5
58.0
50.5
42.5
36.5
33.0

40.0
41.0
44.5
50.5
57.5
58.5
51.0
43.0
36.5
33.0

40.0
41.5
44.5
50.5
57.5
58.5
51.5
43.5
37.0
33.5

40.5
41.5
45.0
50.5
57.5
58.5
51.5
43.5
37.5
33.5

40.5
41.5
45.0
51.0
58.0
59.0
52.0
44.0
37.5
34.0

40.5
42.0
45.5
51.5
58.5
59.5
52.0
44.0
38.0
34.0

41.0
42.0
45.5
51.5
59.0
60.0
52.5
44.5
38.0
34.5

41.0
42.5
46.0
52.0
59.0
60.0
53.0
45.0
38.5
34.5

41.0
42.5
46.0
52.0
59.0
60.5
53.0
45.0
38.5
35.0

41.5
43.0
46.5
52.0
59.5
61.0
53.5
45.5
39.0
35.0

41.5
43.0
46.5
52.5
59.5
61.5
54.0
45.5
39.0
35.5

42.0
43.0
46.5
52.5
59.5
61.5
54.5
46.0
39.5
35.5

42.0
43.5
47.0
53.0
60.0
62.0
54.5
46.5
39.5
36.0

42.5
43.5
47.0
53.0
60.5
62.5
55.0
46.5
40.0
36.0

42.5
44.0
47.5
53.5
60.5
62.5
55.5
47.0
40.0
36.5

43.0
44.0
47.5
53.5
61.0
63.0
55.5
47.0
40.5
36.5

43.0
44.5
48.0
53.5
61.0
63.5
56.0
47.5
40.5
37.0

43.5
44.5
48.0
54.0
61.5
64.0
56.5
48.0
41.0
37.0

43.5
45.0
48.5
54.5
62.0
64.5
57.0
48.0
41.0
37.5

43.5
45.0
48.5
54.5
62.0
64.5
57.5
48.5
41.5
37.5

44.0
45.0
48.5
55.0
62.5
65.0
57.5
49.0
41.5
38.0

44.0
45.5
49.0
55.0
62.5
65.0
58.0
49.0
42.0
38.0

44.5
45.5
49.0
55.5
63.0
65.5
58.0
49.5
42.5
38.5

44.5
46.0
49.5
55.5
63.5
65.5
58.5
50.0
42.5
38.5

45.0
46.0
49.5
56.0
63.5
66.0
59.0
50.0
43.0
39.0

45.0
46.5
50.0
56.5
64.0
66.5
59.5
50.5
43.0
39.0

45.0
46.5
50.0
56.5
64.0
66.5
59.5
51.0
43.5
39.5

45.5
47.0
50.5
56.5
64.5
67.0
60.0
51.0
43.5
39.5

45.5
47.0
50.5
57.0
65.0
67.0
60.0
51.5
44.0
40.0

46.0
47.0
51.0
57.5
65.5
68.0
60.5
51.5
44.5
40.0

