23.0
22.5
23.0
23.5
24.5
29.0
26.0
23.0
22.0
21.5

23.0
23.0
23.5
24.5
28.0
33.0
28.0
23.5
22.0
21.5

23.5
23.5
24.5
26.0
31.0
37.5
30.0
24.0
22.5
21.5

24.0
24.0
25.0
28.0
34.0
40.5
32.0
25.0
22.5
21.5

24.0
24.5
26.0
29.5
36.5
43.5
33.5
25.5
23.0
22.0

24.5
25.0
27.0
31.0
39.0
45.0
35.0
26.5
23.0
22.0

25.0
25.5
28.0
33.0
41.5
46.5
35.5
27.0
23.5
22.0

25.5
26.0
29.0
34.5
45.0
47.0
36.0
27.5
24.0
22.0

26.0
26.5
30.5
37.0
48.0
47.5
36.5
28.0
24.0
22.5

26.5
27.5
31.5
39.0
50.5
50.0
37.0
28.5
24.5
22.5

27.0
28.0
33.0
40.5
52.0
52.0
38.0
29.0
25.0
22.5

27.5
29.0
34.0
42.0
53.0
53.0
39.0
29.5
25.0
23.0

28.0
29.5
35.0
43.0
54.0
54.5
40.0
30.0
25.5
23.0

28.5
30.5
36.0
44.0
56.0
57.0
41.5
31.0
26.0
23.5

29.0
31.0
37.0
45.5
57.5
58.5
42.5
31.5
26.0
23.5

29.5
32.0
38.0
47.0
59.5
59.5
43.5
32.0
26.5
24.0

30.5
32.5
39.0
48.0
60.5
60.5
44.5
32.5
27.0
24.0

31.0
33.5
40.0
49.0
62.0
62.5
45.5
33.5
27.5
24.0

31.5
34.0
40.5
50.0
63.5
65.0
46.5
34.0
28.0
24.5

32.0
34.5
41.5
51.0
65.0
67.5
48.0
34.5
28.0
25.0

32.5
35.0
42.0
52.0
67.0
69.5
49.0
35.5
28.5
25.0

33.0
35.5
43.0
53.0
68.5
70.0
50.0
36.0
29.0
25.5

33.5
36.5
43.5
54.0
69.0
70.5
51.0
36.5
29.5
25.5

34.0
37.0
44.5
55.0
69.5
70.0
51.5
37.5
30.0
26.0

34.5
37.5
45.0
55.5
69.0
69.5
52.0
38.0
30.5
26.5

35.0
38.0
45.5
56.0
69.0
70.0
52.5
38.5
31.0
26.5

35.5
39.0
46.5
56.5
70.0
70.5
52.5
39.0
31.5
27.0

36.0
39.5
47.0
57.0
70.0
71.5
53.5
39.5
31.5
27.5

36.5
40.0
47.5
57.5
70.5
72.0
54.0
40.0
32.0
27.5

37.5
40.5
48.0
58.0
71.0
72.0
54.5
40.5
32.5
28.0

38.0
41.0
48.5
58.5
71.5
72.5
54.5
40.5
33.0
28.0

38.0
41.5
49.0
59.0
73.0
74.5
55.5
41.0
33.0
28.5

38.5
42.0
49.5
60.0
75.0
76.0
56.0
41.5
33.5
29.0

39.0
42.5
50.0
60.5
75.5
76.0
56.5
42.0
34.0
29.0

39.5
43.0
50.5
61.5
76.0
76.0
56.5
42.5
34.5
29.5

40.0
43.5
51.0
61.5
76.0
77.0
57.0
43.0
34.5
30.0

40.5
44.0
52.0
62.5
77.0
77.5
58.0
43.5
35.0
30.0

41.0
44.5
52.5
62.5
77.0
78.5
58.5
43.5
35.5
30.5

41.5
45.0
52.5
63.0
77.5
78.5
59.0
44.0
36.0
31.0

42.0
45.5
53.0
63.5
78.0
79.0
59.5
44.5
36.0
31.0

42.5
46.0
53.5
64.0
79.0
80.0
60.0
45.0
36.5
31.5

43.0
46.5
54.5
65.0
79.5
80.0
60.0
45.5
37.0
32.0

43.5
47.0
55.0
65.5
79.5
80.0
60.5
45.5
37.0
32.0

44.0
47.5
55.5
66.0
80.0
80.0
61.0
46.0
37.5
32.5

44.5
48.0
56.0
66.5
80.5
80.5
61.0
46.5
38.0
33.0

45.0
48.5
56.5
67.0
81.0
81.0
61.5
46.5
38.0
33.0

45.5
49.0
57.0
67.5
82.0
81.5
61.5
47.0
38.5
33.5

46.0
49.5
57.5
68.5
83.0
81.5
61.5
47.5
39.0
33.5

46.5
50.0
58.0
69.0
84.5
83.0
62.0
47.5
39.0
34.0

47.0
50.5
59.0
70.0
86.0
83.5
62.5
48.0
39.5
34.5

47.5
51.0
59.5
71.0
86.5
84.0
62.5
48.0
40.0
34.5

48.0
51.5
60.0
71.5
86.5
84.0
63.0
48.5
40.0
35.0

48.5
52.0
60.5
72.0
87.0
85.0
63.5
49.0
40.5
35.0

49.0
52.5
61.5
72.5
87.5
86.5
64.0
49.0
40.5
35.5

49.5
53.0
62.0
73.0
87.5
86.5
64.5
49.5
41.0
36.0

50.0
53.5
62.5
73.5
88.0
86.5
65.0
50.0
41.5
36.0

50.5
54.0
63.0
74.0
89.5
88.0
65.0
50.5
41.5
36.5

51.0
54.5
63.5
75.0
91.5
89.5
66.0
50.5
42.0
36.5

51.5
55.0
64.0
76.5
93.0
90.5
66.5
51.0
42.0
37.0

52.0
55.5
65.0
77.5
94.0
91.0
67.0
51.5
42.5
37.0

52.5
56.0
65.5
78.0
94.0
92.0
67.5
51.5
43.0
37.5

53.0
56.5
66.0
78.5
95.5
91.5
68.0
52.0
43.0
38.0

53.0
57.0
66.5
79.5
96.0
91.5
68.0
52.5
43.5
38.0

54.0
58.0
67.5
80.0
97.0
92.5
68.5
52.5
43.5
38.5

54.5
58.5
68.0
80.5
97.0
93.5
69.0
53.0
44.0
38.5

55.0
59.0
68.5
81.5
98.5
95.0
69.5
53.5
44.5
39.0

55.5
59.5
69.0
82.0
98.5
96.5
70.5
54.0
45.0
39.5

55.5
60.0
69.5
82.5
99.5
98.5
71.5
54.5
45.0
39.5

56.0
60.5
70.0
83.0
101.0
100.0
72.5
55.0
45.5
40.0

56.5
61.0
70.5
83.5
101.5
100.0
73.5
55.5
46.0
40.5

57.0
61.5
71.0
84.0
101.5
99.5
74.0
56.0
46.5
40.5

57.5
62.0
71.5
84.5
102.5
100.5
74.0
56.5
46.5
41.0

58.0
62.0
72.0
85.0
102.5
100.5
74.5
57.0
47.0
41.5

58.5
62.5
72.5
85.0
102.5
100.5
75.0
57.5
47.5
41.5

59.0
63.0
72.5
85.5
102.5
100.5
75.5
58.0
48.0
42.0

59.0
63.5
73.0
85.5
102.5
99.5
75.5
58.0
48.0
42.5

59.5
64.0
73.5
86.0
102.0
99.0
75.5
58.5
48.5
42.5

60.0
64.5
73.5
86.0
102.0
99.0
75.5
58.5
49.0
43.0

60.5
64.5
74.0
86.0
102.0
98.5
75.5
59.0
49.0
43.0

61.0
65.0
74.0
86.0
101.0
98.5
75.5
59.0
49.5
43.5

61.0
65.5
74.5
86.0
101.0
99.0
76.0
59.5
50.0
44.0

61.5
65.5
74.5
86.0
101.5
100.0
76.5
60.0
50.0
44.0

62.0
66.0
75.0
86.5
103.0
101.0
77.0
60.0
50.5
44.5

62.0
66.0
75.5
87.0
102.5
100.5
77.0
60.5
50.5
44.5

62.5
66.5
75.5
87.0
102.0
99.5
77.5
60.5
51.0
45.0

63.0
67.0
76.0
87.0
101.5
98.5
77.0
61.0
51.5
45.5

63.5
67.5
76.5
87.5
101.0
98.0
77.0
61.0
51.5
45.5

64.0
68.0
76.5
88.0
102.5
99.0
77.0
61.5
52.0
46.0

64.0
68.0
77.0
88.5
103.5
100.0
77.0
61.5
52.0
46.0

64.5
68.5
77.5
89.0
105.0
101.0
77.5
61.5
52.5
46.5

65.0
69.0
78.0
89.5
105.5
101.0
78.0
62.0
52.5
46.5

65.5
69.5
78.5
90.0
105.5
102.5
78.5
62.0
53.0
47.0

65.5
69.5
78.5
90.0
106.5
103.5
79.0
62.5
53.0
47.0

66.0
70.0
79.0
91.0
107.5
103.0
79.0
62.5
53.5
47.5

66.5
70.5
79.5
91.5
107.5
103.5
79.5
63.0
53.5
47.5

