24.0
23.0
23.5
23.5
24.0
23.5
22.5
22.0
21.5
21.5

24.0
23.5
23.5
24.5
26.0
25.0
23.0
22.0
21.5
21.5

24.0
23.5
24.0
25.5
27.5
27.0
23.5
22.0
21.5
21.5

24.5
24.0
25.0
27.0
29.5
28.5
24.5
22.5
21.5
21.5

25.0
24.5
25.5
28.0
31.5
30.5
25.5
22.5
22.0
21.5

25.0
25.0
26.0
29.0
32.5
31.5
26.5
23.0
22.0
21.5

25.5
25.0
26.5
29.5
33.5
33.0
27.5
23.5
22.0
21.5

25.5
25.5
27.0
30.0
34.5
34.5
28.5
24.0
22.5
21.5

26.0
26.0
27.5
31.0
35.5
35.5
29.5
24.5
22.5
21.5

26.0
26.0
28.0
31.5
36.0
36.0
30.0
25.5
23.0
22.0

26.5
26.5
28.5
32.0
37.0
37.0
31.0
26.0
23.0
22.0

26.5
27.0
29.0
33.0
38.0
39.0
32.0
26.0
23.5
22.0

27.0
27.5
29.5
33.5
39.0
40.0
33.0
27.0
23.5
22.5

27.5
27.5
30.0
34.0
40.0
41.0
33.5
27.5
24.0
22.5

27.5
28.0
30.5
34.5
40.5
42.0
34.5
28.0
24.0
22.5

28.0
28.5
30.5
35.0
41.0
42.5
35.5
28.5
24.5
23.0

28.0
28.5
31.0
35.5
41.5
43.0
36.5
29.5
25.0
23.0

28.5
29.0
31.5
35.5
41.5
43.5
37.5
30.0
25.5
23.0

28.5
29.0
31.5
36.0
42.0
44.5
38.5
31.0
25.5
23.5

29.0
29.5
32.0
36.5
42.5
45.0
39.0
31.5
26.0
23.5

29.0
29.5
32.0
37.0
43.0
45.0
39.5
32.0
26.5
24.0

29.5
30.0
32.5
37.5
43.5
46.0
40.0
32.5
27.0
24.5

29.5
30.0
33.0
37.5
44.0
46.5
40.5
33.0
27.5
24.5

30.0
30.5
33.5
38.5
45.0
47.5
41.0
33.5
27.5
25.0

30.0
31.0
33.5
39.0
46.0
48.5
41.5
33.5
28.0
25.0

30.5
31.0
34.0
39.5
46.5
49.0
42.0
34.0
28.5
25.5

31.0
31.5
34.5
40.0
47.0
49.5
42.5
34.5
28.5
25.5

31.0
32.0
35.0
40.5
47.0
49.5
42.5
34.5
29.0
26.0

31.5
32.5
35.5
40.5
47.5
49.5
42.5
35.0
29.0
26.0

31.5
32.5
35.5
41.0
48.0
49.5
42.5
35.0
29.5
26.5

32.0
33.0
36.0
41.5
48.5
49.5
42.5
35.5
29.5
26.5

32.5
33.5
36.5
42.0
48.5
50.0
43.0
35.5
30.0
27.0

32.5
33.5
37.0
42.5
49.0
50.0
43.0
36.0
30.0
27.0

33.0
34.0
37.0
43.0
49.5
50.5
43.5
36.0
30.5
27.5

33.0
34.5
37.5
43.0
49.5
50.5
43.5
36.5
30.5
27.5

33.5
34.5
38.0
43.5
50.0
51.0
44.0
36.5
31.0
28.0

33.5
35.0
38.0
43.5
50.0
51.5
44.5
37.0
31.0
28.0

34.0
35.0
38.5
43.5
50.0
51.5
45.0
37.5
31.5
28.5

34.5
35.5
38.5
44.0
50.0
51.5
45.5
38.0
32.0
28.5

34.5
35.5
39.0
44.0
50.0
52.0
46.0
38.0
32.0
29.0

35.0
36.0
39.0
44.0
50.5
52.0
46.0
38.5
32.5
29.0

35.0
36.0
39.0
44.5
50.5
52.0
46.5
39.0
32.5
29.5

35.5
36.5
39.5
44.5
50.5
52.0
46.5
39.0
33.0
29.5

35.5
36.5
39.5
44.5
50.5
52.5
47.0
39.5
33.5
30.0

36.0
37.0
40.0
45.0
50.5
53.0
47.5
40.0
33.5
30.0

36.0
37.0
40.0
45.0
51.0
53.5
48.0
40.5
34.0
30.5

36.5
37.5
40.5
45.0
51.0
53.5
48.5
40.5
34.0
30.5

36.5
37.5
40.5
45.5
51.5
54.0
48.5
41.0
34.5
31.0

36.5
37.5
40.5
45.5
51.5
54.5
49.0
41.0
35.0
31.0

37.0
38.0
41.0
46.0
52.0
55.0
49.5
41.5
35.0
31.5

37.0
38.0
41.0
46.5
52.5
55.5
49.5
42.0
35.5
31.5

37.5
38.5
41.5
46.5
53.0
56.0
50.0
42.0
35.5
32.0

37.5
38.5
41.5
47.0
53.5
56.5
50.5
42.5
36.0
32.0

38.0
39.0
42.0
47.5
54.0
57.0
51.0
42.5
36.0
32.5

38.0
39.0
42.5
47.5
54.0
57.5
51.5
43.0
36.5
32.5

38.5
39.5
42.5
48.0
54.5
57.5
52.0
43.5
36.5
33.0

38.5
39.5
42.5
48.0
54.5
58.0
52.0
44.0
37.0
33.0

39.0
40.0
43.0
48.5
55.0
58.5
52.5
44.0
37.5
33.5

39.0
40.0
43.5
48.5
55.5
59.0
53.0
44.5
37.5
33.5

39.5
40.5
43.5
49.0
56.0
59.0
53.0
44.5
38.0
34.0

39.5
40.5
44.0
49.5
56.5
60.0
53.5
45.0
38.0
34.0

40.0
41.0
44.0
49.5
56.5
60.5
54.5
45.5
38.5
34.5

40.0
41.0
44.5
50.0
57.0
60.5
55.0
46.0
38.5
34.5

40.5
41.5
44.5
50.5
57.5
61.0
55.0
46.0
39.0
35.0

40.5
41.5
45.0
50.5
58.0
61.5
55.5
46.5
39.0
35.0

41.0
42.0
45.0
51.0
58.5
62.5
56.0
47.0
39.5
35.5

41.0
42.5
45.5
51.5
59.0
62.5
56.5
47.0
40.0
36.0

41.5
42.5
46.0
52.0
59.5
63.0
56.5
47.5
40.0
36.0

41.5
43.0
46.5
52.5
60.0
63.5
56.5
47.5
40.5
36.5

42.0
43.5
46.5
53.0
60.5
63.5
57.0
48.0
40.5
36.5

42.0
43.5
47.0
53.0
60.5
64.0
57.5
48.0
41.0
37.0

42.5
44.0
47.5
53.5
61.0
65.0
58.0
48.5
41.0
37.0

42.5
44.0
47.5
53.5
61.0
65.0
58.0
48.5
41.5
37.0

43.0
44.5
48.0
54.0
61.5
65.0
58.0
49.0
41.5
37.5

43.5
44.5
48.0
54.5
62.0
66.0
58.5
49.0
42.0
37.5

43.5
45.0
48.5
54.5
62.0
66.0
59.0
49.5
42.0
38.0

44.0
45.5
49.0
55.0
62.5
66.5
59.5
50.0
42.5
38.0

44.0
45.5
49.0
55.0
62.5
66.5
60.0
50.0
42.5
38.5

44.5
46.0
49.5
55.0
62.5
67.0
60.5
50.5
43.0
38.5

44.5
46.0
49.5
55.5
63.0
68.0
61.0
51.0
43.0
39.0

45.0
46.5
49.5
55.5
63.5
68.5
61.5
51.0
43.5
39.0

45.0
46.5
50.0
56.0
63.5
68.5
61.5
51.5
43.5
39.5

45.5
46.5
50.0
56.0
64.0
69.0
61.5
51.5
44.0
39.5

45.5
47.0
50.5
56.5
65.0
69.5
61.5
51.5
44.0
40.0

46.0
47.0
50.5
57.0
65.5
70.5
62.0
52.0
44.5
40.0

46.0
47.5
51.0
57.5
66.0
70.5
62.5
52.0
44.5
40.5

46.0
47.5
51.0
57.5
66.5
70.5
62.5
52.5
44.5
40.5

46.5
48.0
51.5
58.0
66.5
70.5
62.5
52.5
45.0
40.5

46.5
48.0
51.5
58.5
66.5
70.5
62.5
52.5
45.0
41.0

47.0
48.5
52.0
58.5
66.5
71.0
63.0
53.0
45.5
41.0

47.0
48.5
52.0
58.5
67.0
71.0
63.0
53.0
45.5
41.5

47.5
49.0
52.5
59.0
67.0
71.0
63.0
53.5
45.5
41.5

47.5
49.0
52.5
59.0
67.5
71.0
63.0
53.5
46.0
41.5

47.5
49.0
53.0
59.5
67.5
71.5
63.5
53.5
46.0
42.0

48.0
49.5
53.0
60.0
68.0
72.0
63.5
53.5
46.5
42.0

48.0
49.5
53.5
60.0
68.5
72.0
64.0
54.0
46.5
42.5

48.5
50.0
53.5
60.5
68.5
72.5
64.0
54.0
47.0
42.5

48.5
50.0
54.0
60.5
68.5
72.0
64.0
54.5
47.0
43.0

49.0
50.5
54.0
60.5
68.5
71.5
63.5
54.5
47.0
43.0

49.0
50.5
54.5
61.0
68.5
71.5
63.5
54.5
47.5
43.0

49.5
51.0
54.5
61.0
69.0
72.0
64.0
54.5
47.5
43.5

49.5
51.0
55.0
61.0
69.0
72.0
64.0
54.5
47.5
43.5

50.0
51.5
55.0
61.5
69.0
71.5
64.0
54.5
47.5
43.5

50.0
51.5
55.5
61.5
69.0
72.0
64.0
55.0
48.0
44.0

50.0
51.5
55.5
61.5
69.5
72.5
64.0
55.0
48.0
44.0

50.5
52.0
55.5
62.0
70.0
72.5
64.5
55.0
48.0
44.0

50.5
52.0
56.0
62.0
70.0
73.0
64.5
55.0
48.5
44.5

51.0
52.5
56.0
62.5
70.5
73.5
65.0
55.5
48.5
44.5

51.0
52.5
56.0
62.5
70.5
74.0
65.0
55.5
48.5
44.5

51.5
53.0
56.5
63.0
71.0
74.0
65.5
56.0
48.5
45.0

51.5
53.0
56.5
63.0
71.5
74.5
65.5
56.0
49.0
45.0

51.5
53.5
57.0
63.5
71.5
75.0
65.5
56.0
49.0
45.0

52.0
53.5
57.0
63.5
72.0
75.0
66.0
56.5
49.0
45.5

52.0
53.5
57.5
64.0
72.5
75.5
66.5
56.5
49.5
45.5

52.5
54.0
57.5
64.0
72.5
76.5
66.5
56.5
49.5
45.5

52.5
54.0
58.0
64.5
73.5
77.0
67.0
57.0
50.0
46.0

53.0
54.5
58.0
65.0
73.5
77.5
67.5
57.0
50.0
46.0

53.0
54.5
58.5
65.0
74.0
78.0
68.0
57.5
50.0
46.0

53.5
55.0
58.5
65.5
74.0
78.0
68.5
58.0
50.5
46.5

53.5
55.0
59.0
65.5
74.0
78.0
69.0
58.0
50.5
46.5

53.5
55.0
59.0
66.0
74.5
78.5
69.0
58.5
51.0
46.5

54.0
55.5
59.5
66.5
75.5
79.5
69.5
58.5
51.0
47.0

54.0
56.0
60.0
67.0
76.5
80.0
70.0
59.0
51.0
47.0

54.5
56.5
60.0
67.5
77.0
80.0
69.5
59.0
51.5
47.0

55.0
56.5
60.5
68.0
77.5
79.5
69.5
59.5
51.5
47.5

55.0
57.0
61.0
68.5
77.5
80.0
70.0
59.5
52.0
47.5

55.5
57.5
61.5
69.0
77.5
80.0
70.0
59.5
52.0
48.0

56.0
57.5
62.0
69.5
78.5
80.5
70.0
60.0
52.0
48.0

56.0
58.0
62.0
70.0
79.0
80.5
70.0
60.0
52.5
48.0

56.5
58.5
62.5
70.5
79.5
80.5
70.0
60.0
52.5
48.5

56.5
58.5
63.0
70.5
79.5
81.0
70.5
60.0
52.5
48.5

57.0
59.0
63.0
70.5
79.5
82.0
70.5
60.5
53.0
48.5

57.0
59.0
63.0
70.5
80.0
82.0
71.0
60.5
53.0
49.0

57.0
59.0
63.5
71.0
80.0
82.5
71.5
60.5
53.0
49.0

57.5
59.5
63.5
71.0
80.5
83.5
72.0
61.0
53.5
49.0

57.5
59.5
64.0
71.5
80.5
83.5
73.0
61.5
53.5
49.5

58.0
60.0
64.0
71.5
80.5
83.5
73.5
62.0
54.0
49.5

58.0
60.0
64.0
71.5
80.5
83.5
73.5
62.5
54.0
49.5

58.0
60.0
64.0
71.5
80.5
83.5
74.0
62.5
54.5
50.0

58.5
60.0
64.0
71.5
80.5
84.0
74.5
63.0
54.5
50.0

58.5
60.5
64.5
71.5
80.5
84.0
74.5
63.5
55.0
50.5

58.5
60.5
64.5
71.5
80.5
84.0
74.5
63.5
55.0
50.5

58.5
60.5
64.5
72.0
81.0
84.0
75.0
64.0
55.5
51.0

59.0
61.0
65.0
72.0
81.0
84.0
75.0
64.0
55.5
51.0

59.0
61.0
65.0
72.0
81.0
84.0
75.0
64.5
56.0
51.5

59.5
61.0
65.0
72.0
81.0
84.5
75.5
64.5
56.0
51.5

59.5
61.5
65.0
72.5
81.0
84.5
75.5
65.0
56.5
51.5

59.5
61.5
65.5
72.5
81.0
84.5
76.0
65.0
56.5
52.0

60.0
61.5
65.5
72.5
81.5
84.5
76.0
65.5
57.0
52.0

60.0
62.0
65.5
73.0
81.0
84.5
76.0
65.5
57.0
52.5

60.0
62.0
66.0
73.0
81.0
84.0
76.0
65.5
57.0
52.5

60.5
62.0
66.0
73.0
81.5
84.5
76.0
65.5
57.5
52.5

60.5
62.5
66.0
73.5
82.0
84.5
76.0
65.5
57.5
53.0

60.5
62.5
66.5
73.5
82.0
84.5
76.0
66.0
57.5
53.0

61.0
63.0
66.5
74.0
82.0
85.0
76.5
66.0
58.0
53.0

61.0
63.0
67.0
74.0
82.5
85.0
76.5
66.5
58.0
53.5

61.5
63.0
67.0
74.0
82.5
85.0
77.0
66.5
58.5
53.5

61.5
63.5
67.5
74.5
82.5
85.0
77.0
66.5
58.5
54.0

62.0
63.5
67.5
74.5
82.5
85.5
77.5
67.0
58.5
54.0

62.0
64.0
67.5
74.5
82.5
85.5
77.5
67.0
59.0
54.0

62.0
64.0
67.5
74.5
82.5
85.5
77.5
67.5
59.0
54.5

62.0
64.0
68.0
75.0
83.0
86.5
78.0
67.5
59.0
54.5

62.5
64.0
68.0
75.0
83.5
87.0
78.5
67.5
59.5
54.5

62.5
64.5
68.0
75.0
83.5
87.5
79.0
68.0
59.5
55.0

62.5
64.5
68.5
75.0
84.0
88.0
79.5
68.5
59.5
55.0

63.0
64.5
68.5
75.5
84.0
88.5
80.0
69.0
60.0
55.0

63.0
65.0
68.5
75.5
84.5
88.5
80.0
69.0
60.0
55.5

63.0
65.0
68.5
75.5
84.5
88.0
80.0
69.5
60.5
55.5

63.5
65.0
69.0
76.0
84.5
88.0
80.0
69.5
60.5
55.5

63.5
65.5
69.0
76.5
85.5
88.5
80.0
69.5
61.0
56.0

63.5
65.5
69.5
77.0
86.5
89.0
80.0
69.5
61.0
56.0

64.0
66.0
70.0
77.5
87.0
89.0
80.0
69.5
61.5
56.5

64.0
66.0
70.5
78.0
87.0
89.0
80.0
69.5
61.5
56.5

64.5
66.5
70.5
78.0
86.5
88.5
80.0
69.5
61.5
56.5

64.5
66.5
70.5
78.0
86.0
88.5
80.5
70.0
61.5
57.0

65.0
67.0
71.0
78.0
86.0
88.5
81.0
70.5
62.0
57.0

65.0
67.0
71.0
78.0
86.5
89.0
81.0
70.5
62.0
57.5

65.5
67.5
71.0
78.0
86.5
89.0
81.5
71.0
62.0
57.5

65.5
67.5
71.5
78.0
86.0
89.5
82.0
71.0
62.5
57.5

65.5
67.5
71.5
78.0
86.0
89.5
82.0
71.5
62.5
58.0

66.0
67.5
71.5
78.0
86.0
89.5
82.0
71.5
63.0
58.0

66.0
68.0
71.5
78.0
86.0
89.5
82.5
72.0
63.0
58.0

66.0
68.0
71.5
78.0
86.0
90.0
82.5
72.0
63.0
58.5

66.0
68.0
71.5
78.0
86.0
90.0
82.5
72.0
63.5
58.5

66.5
68.0
71.5
78.0
86.0
89.5
82.5
72.5
63.5
58.5

66.5
68.0
72.0
78.5
86.0
89.5
82.5
72.5
63.5
59.0

66.5
68.5
72.0
78.0
86.0
89.5
83.0
72.5
64.0
59.0

66.5
68.5
72.0
78.5
86.0
90.0
82.5
72.5
64.0
59.0

67.0
68.5
72.0
78.5
86.5
90.5
83.0
72.5
64.0
59.5

67.0
69.0
72.5
79.0
87.0
90.5
83.0
72.5
64.5
59.5

67.0
69.0
72.5
79.5
87.5
91.0
83.0
73.0
64.5
59.5

67.0
69.0
72.5
79.5
87.5
91.0
83.5
73.0
64.5
60.0

67.0
69.0
73.0
79.5
87.5
91.0
83.5
73.5
64.5
60.0

67.5
69.0
73.0
79.5
87.5
90.5
83.5
73.5
65.0
60.0

67.5
69.0
73.0
79.5
87.0
90.5
83.5
73.5
65.0
60.0

